energy(Ry) alat(a.u.)
-171.1037964 6.90000
-171.1040342 6.90160
-171.1042707 6.90321
-171.1045059 6.90481
-171.1047399 6.90641
-171.1049725 6.90802
-171.1052039 6.90962
-171.1054340 6.91122
-171.1056629 6.91283
-171.1058905 6.91443
-171.1061168 6.91603
-171.1063419 6.91764
-171.1065657 6.91924
-171.1067882 6.92084
-171.1070095 6.92244
-171.1072296 6.92405
-171.1074484 6.92565
-171.1076659 6.92725
-171.1078822 6.92886
-171.1080973 6.93046
-171.1083111 6.93206
-171.1085237 6.93367
-171.1087351 6.93527
-171.1089452 6.93687
-171.1091541 6.93848
-171.1093618 6.94008
-171.1095683 6.94168
-171.1097735 6.94329
-171.1099776 6.94489
-171.1101804 6.94649
-171.1103820 6.94810
-171.1105824 6.94970
-171.1107815 6.95130
-171.1109795 6.95291
-171.1111763 6.95451
-171.1113719 6.95611
-171.1115663 6.95772
-171.1117595 6.95932
-171.1119515 6.96092
-171.1121423 6.96253
-171.1123319 6.96413
-171.1125203 6.96573
-171.1127076 6.96733
-171.1128937 6.96894
-171.1130786 6.97054
-171.1132623 6.97214
-171.1134448 6.97375
-171.1136262 6.97535
-171.1138064 6.97695
-171.1139855 6.97856
-171.1141634 6.98016
-171.1143401 6.98176
-171.1145157 6.98337
-171.1146901 6.98497
-171.1148634 6.98657
-171.1150355 6.98818
-171.1152064 6.98978
-171.1153762 6.99138
-171.1155449 6.99299
-171.1157125 6.99459
-171.1158788 6.99619
-171.1160441 6.99780
-171.1162082 6.99940
-171.1163712 7.00100
-171.1165331 7.00261
-171.1166938 7.00421
-171.1168534 7.00581
-171.1170119 7.00741
-171.1171693 7.00902
-171.1173255 7.01062
-171.1174807 7.01222
-171.1176347 7.01383
-171.1177876 7.01543
-171.1179394 7.01703
-171.1180901 7.01864
-171.1182397 7.02024
-171.1183881 7.02184
-171.1185355 7.02345
-171.1186818 7.02505
-171.1188270 7.02665
-171.1189711 7.02826
-171.1191141 7.02986
-171.1192560 7.03146
-171.1193968 7.03307
-171.1195366 7.03467
-171.1196753 7.03627
-171.1198128 7.03788
-171.1199493 7.03948
-171.1200848 7.04108
-171.1202191 7.04269
-171.1203524 7.04429
-171.1204846 7.04589
-171.1206158 7.04749
-171.1207458 7.04910
-171.1208749 7.05070
-171.1210028 7.05230
-171.1211297 7.05391
-171.1212556 7.05551
-171.1213803 7.05711
-171.1215041 7.05872
-171.1216268 7.06032
-171.1217484 7.06192
-171.1218690 7.06353
-171.1219885 7.06513
-171.1221070 7.06673
-171.1222245 7.06834
-171.1223409 7.06994
-171.1224563 7.07154
-171.1225707 7.07315
-171.1226840 7.07475
-171.1227963 7.07635
-171.1229076 7.07796
-171.1230178 7.07956
-171.1231270 7.08116
-171.1232352 7.08277
-171.1233424 7.08437
-171.1234485 7.08597
-171.1235537 7.08758
-171.1236578 7.08918
-171.1237609 7.09078
-171.1238631 7.09238
-171.1239642 7.09399
-171.1240643 7.09559
-171.1241633 7.09719
-171.1242614 7.09880
-171.1243585 7.10040
-171.1244546 7.10200
-171.1245497 7.10361
-171.1246438 7.10521
-171.1247369 7.10681
-171.1248291 7.10842
-171.1249202 7.11002
-171.1250104 7.11162
-171.1250995 7.11323
-171.1251877 7.11483
-171.1252749 7.11643
-171.1253611 7.11804
-171.1254464 7.11964
-171.1255307 7.12124
-171.1256140 7.12285
-171.1256963 7.12445
-171.1257777 7.12605
-171.1258580 7.12766
-171.1259375 7.12926
-171.1260159 7.13086
-171.1260935 7.13246
-171.1261700 7.13407
-171.1262456 7.13567
-171.1263202 7.13727
-171.1263939 7.13888
-171.1264666 7.14048
-171.1265384 7.14208
-171.1266092 7.14369
-171.1266791 7.14529
-171.1267481 7.14689
-171.1268161 7.14850
-171.1268831 7.15010
-171.1269492 7.15170
-171.1270144 7.15331
-171.1270787 7.15491
-171.1271420 7.15651
-171.1272044 7.15812
-171.1272658 7.15972
-171.1273263 7.16132
-171.1273859 7.16293
-171.1274446 7.16453
-171.1275023 7.16613
-171.1275592 7.16774
-171.1276151 7.16934
-171.1276700 7.17094
-171.1277241 7.17255
-171.1277773 7.17415
-171.1278295 7.17575
-171.1278809 7.17735
-171.1279313 7.17896
-171.1279808 7.18056
-171.1280294 7.18216
-171.1280771 7.18377
-171.1281239 7.18537
-171.1281698 7.18697
-171.1282148 7.18858
-171.1282589 7.19018
-171.1283022 7.19178
-171.1283445 7.19339
-171.1283859 7.19499
-171.1284264 7.19659
-171.1284661 7.19820
-171.1285049 7.19980
-171.1285427 7.20140
-171.1285797 7.20301
-171.1286159 7.20461
-171.1286511 7.20621
-171.1286854 7.20782
-171.1287189 7.20942
-171.1287515 7.21102
-171.1287832 7.21263
-171.1288141 7.21423
-171.1288441 7.21583
-171.1288732 7.21743
-171.1289015 7.21904
-171.1289288 7.22064
-171.1289554 7.22224
-171.1289810 7.22385
-171.1290058 7.22545
-171.1290298 7.22705
-171.1290528 7.22866
-171.1290751 7.23026
-171.1290964 7.23186
-171.1291170 7.23347
-171.1291366 7.23507
-171.1291555 7.23667
-171.1291734 7.23828
-171.1291906 7.23988
-171.1292068 7.24148
-171.1292223 7.24309
-171.1292369 7.24469
-171.1292506 7.24629
-171.1292635 7.24790
-171.1292756 7.24950
-171.1292869 7.25110
-171.1292973 7.25271
-171.1293069 7.25431
-171.1293156 7.25591
-171.1293235 7.25752
-171.1293306 7.25912
-171.1293369 7.26072
-171.1293423 7.26232
-171.1293470 7.26393
-171.1293508 7.26553
-171.1293537 7.26713
-171.1293559 7.26874
-171.1293572 7.27034
-171.1293578 7.27194
-171.1293575 7.27355
-171.1293564 7.27515
-171.1293545 7.27675
-171.1293517 7.27836
-171.1293482 7.27996
-171.1293439 7.28156
-171.1293387 7.28317
-171.1293328 7.28477
-171.1293260 7.28637
-171.1293185 7.28798
-171.1293101 7.28958
-171.1293010 7.29118
-171.1292910 7.29279
-171.1292803 7.29439
-171.1292688 7.29599
-171.1292565 7.29760
-171.1292433 7.29920
-171.1292294 7.30080
-171.1292148 7.30240
-171.1291993 7.30401
-171.1291830 7.30561
-171.1291660 7.30721
-171.1291481 7.30882
-171.1291295 7.31042
-171.1291101 7.31202
-171.1290900 7.31363
-171.1290690 7.31523
-171.1290473 7.31683
-171.1290248 7.31844
-171.1290016 7.32004
-171.1289775 7.32164
-171.1289527 7.32325
-171.1289271 7.32485
-171.1289008 7.32645
-171.1288737 7.32806
-171.1288458 7.32966
-171.1288172 7.33126
-171.1287878 7.33287
-171.1287577 7.33447
-171.1287267 7.33607
-171.1286951 7.33768
-171.1286626 7.33928
-171.1286295 7.34088
-171.1285955 7.34248
-171.1285608 7.34409
-171.1285254 7.34569
-171.1284892 7.34729
-171.1284523 7.34890
-171.1284146 7.35050
-171.1283762 7.35210
-171.1283370 7.35371
-171.1282971 7.35531
-171.1282564 7.35691
-171.1282150 7.35852
-171.1281729 7.36012
-171.1281300 7.36172
-171.1280864 7.36333
-171.1280421 7.36493
-171.1279970 7.36653
-171.1279512 7.36814
-171.1279047 7.36974
-171.1278574 7.37134
-171.1278094 7.37295
-171.1277607 7.37455
-171.1277112 7.37615
-171.1276610 7.37776
-171.1276101 7.37936
-171.1275585 7.38096
-171.1275062 7.38257
-171.1274531 7.38417
-171.1273993 7.38577
-171.1273448 7.38737
-171.1272896 7.38898
-171.1272337 7.39058
-171.1271771 7.39218
-171.1271197 7.39379
-171.1270616 7.39539
-171.1270029 7.39699
-171.1269434 7.39860
-171.1268832 7.40020
-171.1268223 7.40180
-171.1267607 7.40341
-171.1266984 7.40501
-171.1266354 7.40661
-171.1265717 7.40822
-171.1265072 7.40982
-171.1264421 7.41142
-171.1263763 7.41303
-171.1263098 7.41463
-171.1262426 7.41623
-171.1261747 7.41784
-171.1261062 7.41944
-171.1260369 7.42104
-171.1259669 7.42265
-171.1258962 7.42425
-171.1258249 7.42585
-171.1257529 7.42745
-171.1256802 7.42906
-171.1256067 7.43066
-171.1255327 7.43226
-171.1254579 7.43387
-171.1253824 7.43547
-171.1253063 7.43707
-171.1252295 7.43868
-171.1251520 7.44028
-171.1250739 7.44188
-171.1249950 7.44349
-171.1249155 7.44509
-171.1248353 7.44669
-171.1247545 7.44830
-171.1246729 7.44990
-171.1245907 7.45150
-171.1245079 7.45311
-171.1244243 7.45471
-171.1243401 7.45631
-171.1242553 7.45792
-171.1241697 7.45952
-171.1240835 7.46112
-171.1239967 7.46273
-171.1239092 7.46433
-171.1238210 7.46593
-171.1237321 7.46754
-171.1236426 7.46914
-171.1235525 7.47074
-171.1234617 7.47234
-171.1233702 7.47395
-171.1232781 7.47555
-171.1231853 7.47715
-171.1230919 7.47876
-171.1229979 7.48036
-171.1229031 7.48196
-171.1228078 7.48357
-171.1227118 7.48517
-171.1226151 7.48677
-171.1225178 7.48838
-171.1224199 7.48998
-171.1223213 7.49158
-171.1222221 7.49319
-171.1221222 7.49479
-171.1220217 7.49639
-171.1219205 7.49800
-171.1218188 7.49960
-171.1217163 7.50120
-171.1216133 7.50281
-171.1215096 7.50441
-171.1214053 7.50601
-171.1213003 7.50762
-171.1211947 7.50922
-171.1210885 7.51082
-171.1209817 7.51242
-171.1208742 7.51403
-171.1207661 7.51563
-171.1206574 7.51723
-171.1205480 7.51884
-171.1204380 7.52044
-171.1203275 7.52204
-171.1202162 7.52365
-171.1201044 7.52525
-171.1199919 7.52685
-171.1198789 7.52846
-171.1197652 7.53006
-171.1196508 7.53166
-171.1195359 7.53327
-171.1194204 7.53487
-171.1193042 7.53647
-171.1191874 7.53808
-171.1190701 7.53968
-171.1189521 7.54128
-171.1188335 7.54289
-171.1187143 7.54449
-171.1185944 7.54609
-171.1184740 7.54770
-171.1183530 7.54930
-171.1182313 7.55090
-171.1181091 7.55251
-171.1179863 7.55411
-171.1178628 7.55571
-171.1177388 7.55731
-171.1176141 7.55892
-171.1174889 7.56052
-171.1173630 7.56212
-171.1172366 7.56373
-171.1171095 7.56533
-171.1169819 7.56693
-171.1168537 7.56854
-171.1167248 7.57014
-171.1165954 7.57174
-171.1164654 7.57335
-171.1163348 7.57495
-171.1162036 7.57655
-171.1160718 7.57816
-171.1159395 7.57976
-171.1158065 7.58136
-171.1156730 7.58297
-171.1155388 7.58457
-171.1154041 7.58617
-171.1152688 7.58778
-171.1151330 7.58938
-171.1149965 7.59098
-171.1148595 7.59259
-171.1147218 7.59419
-171.1145836 7.59579
-171.1144449 7.59739
-171.1143055 7.59900
-171.1141656 7.60060
-171.1140251 7.60220
-171.1138840 7.60381
-171.1137423 7.60541
-171.1136001 7.60701
-171.1134573 7.60862
-171.1133139 7.61022
-171.1131700 7.61182
-171.1130255 7.61343
-171.1128804 7.61503
-171.1127348 7.61663
-171.1125886 7.61824
-171.1124418 7.61984
-171.1122944 7.62144
-171.1121465 7.62305
-171.1119981 7.62465
-171.1118490 7.62625
-171.1116994 7.62786
-171.1115493 7.62946
-171.1113986 7.63106
-171.1112473 7.63267
-171.1110955 7.63427
-171.1109431 7.63587
-171.1107902 7.63747
-171.1106367 7.63908
-171.1104826 7.64068
-171.1103280 7.64228
-171.1101728 7.64389
-171.1100171 7.64549
-171.1098609 7.64709
-171.1097040 7.64870
-171.1095467 7.65030
-171.1093888 7.65190
-171.1092303 7.65351
-171.1090713 7.65511
-171.1089117 7.65671
-171.1087517 7.65832
-171.1085910 7.65992
-171.1084298 7.66152
-171.1082681 7.66313
-171.1081058 7.66473
-171.1079430 7.66633
-171.1077796 7.66794
-171.1076158 7.66954
-171.1074513 7.67114
-171.1072863 7.67275
-171.1071208 7.67435
-171.1069548 7.67595
-171.1067882 7.67756
-171.1066211 7.67916
-171.1064534 7.68076
-171.1062853 7.68236
-171.1061165 7.68397
-171.1059473 7.68557
-171.1057775 7.68717
-171.1056072 7.68878
-171.1054364 7.69038
-171.1052650 7.69198
-171.1050931 7.69359
-171.1049207 7.69519
-171.1047477 7.69679
-171.1045742 7.69840
-171.1044002 7.70000
